5.43
6.16
4.55
3.11
6.07
3.84
3.81
5.91
3.18
4.42
7.08
5.18
5.08
5.79
4.41
5.3
6.61
6.62
7.29
7.2
5.26
5.58
3.06
4.61
7.16
3.27
3.87
7.56
4.91
6.09
6.23
3.59
7.37
6.95
6.14
5.81
4.7
6.45
6.68
4.42
4.59
3.47
3.36
7.34
3.57
8.04
4.75
5.86
5.04
4.9
3.84
3.86
6.42
4.41
5.82
8.08
2.66
7.49
3.52
4.85
3.71
3.39
3.71
6.95
3.64
4.35
5.69
6.88
8.41
7.58
6.28
7.43
3.09
3.83
6.08
6.82
7.09
4.02
7.08
3.15
6.68
4.68
6.72
6.2
5.53
5.04
6.4
6.82
3.23
6.51
6.9
4.85
4.65
3.64
4.98
4.63
6.06
3.8
6.63
5.23
6.33
5.1
2.72
5.01
4.03
4.31
5.67
7.62
5.93
3.41
7.86
5.6
4.62
5.71
7.48
5.62
2.7
3.88
6.57
3.97
4.76
3.61
3.81
2.85
6.48
5.39
5.43
6.21
2.77
5.18
6.64
7.31
6.9
5.3
3.72
6.93
6.17
6.75
4.93
7.53
4.46
5
3.76
5.48
3.42
7.08
6.32
6.8
4.44
6.66
5.49
7.14
7.44
4.19
6.82
3.88
3.77
3.88
4.23
5.45
5.72
6.62
5.28
3.91
4.55
5.2
3.64
7.18
5.56
2.94
5.06
4.03
5.04
5.11
6.75
4.2
7.4
4.63
3.09
7.83
6.77
3.64
5.5
4.25
4.92
6.82
5.4
7.28
7.73
8.06
7.31
7.68
3.8
7.09
4.18
3.82
7.35
5.75
7.49
4.36
4.55
7.01
7.08
7.87
5.18
4.04
6.66
6.44
7
4.96
6.7
4.91
5.65
3.41
3.49
3.04
5.35
3
3.72
4.72
6.72
3.59
4.96
4.95
5.72
2.76
3.38
4.38
7.01
4.67
6.28
3.15
7.05
3.94
4.28
6.93
5.97
5.85
7.12
4.48
4.08
6.39
7.49
2.96
5.85
4.65
8.03
4.85
3.38
3.25
2.91
5.23
5.75
6.33
6.25
6.57
4.41
4.29
5.64
3.79
7.08
5.85
3.71
3.41
7.73
7.84
5.62
7.11
3.58
3
5.74
6.99
7.32
4.46
3.44
5.77
7.55
5.76
3.78
3.62
6.83
7.03
3.84
5.01
5.88
4.94
5.53
5.92
4.04
3.71
3.15
2.78
5.42
3.4
5.12
5.22
3.37
3.02
3.65
6.41
7.27
4.97
3.05
7.44
4.39
6.14
6.36
6.22
5.88
7.41
8.32
3.56
6.5
3.93
7.99
7.19
6.58
7.32
3.47
5.52
7.41
3.01
7.67
6.47
4.37
7.54
3.91
4.11
5.02
4.62
4.19
5.9
3.97
4.64
3.51
3.08
3.17
7.83
5.58
5.74
7.15
5.42
5.37
7.47
5.92
7.44
6.78
3.58
6.95
8.11
4.67
3.82
2.66
5.81
3.7
3.09
2.87
4.17
4.68
5.18
5.24
6.82
4.33
4.14
3.24
7.36
6.3
5.4
4.55
5.63
5.94
3.85
6.87
5.26
4.07
5.93
6.62
6.43
2.94
5.89
6.45
7.8
7.58
3
6.43
6.74
5.21
5.72
4
6.78
5.26
4.73
4.72
4.73
7.37
8.02
5.13
3.48
8.26
7.68
5.29
8.24
6.94
5.33
5.55
5.98
7.47
4.48
4.3
4.18
5.37
7.65
7.39
6.51
7.6
7.87
5.7
6.14
3.03
8.11
4.79
4.62
4.47
5.76
7.3
3.8
6.19
5.23
6.33
5.48
5.13
4.76
5.64
3.33
7.29
2.77
7.2
7.48
3.38
7.18
6.55
3.78
3.74
4.64
6.27
4.33
4.26
5.04
6.33
5.31
4.22
7
4
7.71
4.47
6.37
7.52
3.9
5.16
4.97
6
6.6
5.6
3.94
3.05
7.58
5.81
6.96
7.25
5.95
5.67
4.62
5.89
6.6
6.36
3.45
5.49
7.14
5.77
6.8
4.3
7.53
6.5
3.29
5.19
4.25
7.09
7
3.21
3.43
6.68
4.58
7.5
6.09
6.84
4.99
6.94
4.15
3.59
5.61
5.51
3.5
3.62
7.22
4.67
7.26
8.23
4.58
4.55
4.51
4.29
6.41
3.96
4.11
4.02
4.79
3.35
4.68
5.25
7.3
5.18
5.11
7.18
2.77
7.07
5.62
7.91
4.08
3.81
4.75
6.73
3.19
7.89
7.49
3.01
8.12
3.8
7.36
7.92
4.74
6.81
4.41
7.1
7.76
5.26
6.37
4.14
5.02
3.6
3.78
6.9
4.29
5.46
3.07
3.66
3.62
4.52
6.52
3.84
6.58
7.88
5.99
5.49
5.76
3.82
4.88
5.28
3.19
5.94
6.57
7.24
4.61
6.54
6.66
7.35
7.48
6.2
5.82
3.3
5.79
3.44
6.68
5.87
4.66
5.96
4.32
5.05
3.04
6.41
5.46
4.02
5.31
3.75
4.59
5.01
3.11
6.67
4.49
7.25
3.92
3.8
3.31
4.62
5.54
6.45
2.98
3.41
6.96
5.24
4.2
5.57
7.01
5.34
3.69
3.93
3.63
7.4
7.64
3.46
5.81
6.06
4.2
2.88
5.93
3.7
7.65
4.56
6.62
7.1
3.69
3.83
7.49
7.36
5.38
5.26
3.08
4.26
5.24
4.97
6.45
5.07
7.18
3.05
3.64
6.32
6.66
5.68
5.68
3.54
7.91
7.21
5.13
7.13
6.28
3.52
6.48
4.15
4.48
7.26
7.83
4.72
4.15
3.41
2.64
6.29
6.67
4.39
7.54
6.16
6.34
3.43
4.29
5.5
7.15
6.99
4.39
4.46
6.37
6.85
6.01
6.16
5.53
7.14
6
5.76
7.64
5.97
5.07
7.61
7.27
6.93
7.7
6.6
2.84
4.88
7.61
6.75
4.19
7.02
3.98
3.41
5.15
7.38
5.52
4.33
8.07
6.35
5.72
4.69
5.21
6.76
4.75
7.58
6.79
4.72
3.83
6.16
4.25
5.73
3.87
6.28
4.99
3.5
3.02
3.29
4.39
6.73
7.7
7.11
5.34
6.79
3.72
6.13
5.2
7.5
4.04
5.51
6.28
4.75
3.47
6.94
6.08
6.18
7.03
3.58
3.62
5.47
6.58
3.91
4.94
4.54
6.49
4.02
5.25
4.48
6.89
3.37
4.48
6.66
6.93
3.16
6.49
3.15
6.56
2.73
5.43
4.56
7.36
5.07
2.83
5.31
3.94
4.83
6.76
5.13
3.86
6.12
4.43
3.33
7.76
7.01
4.12
7.27
7.33
4.43
8.01
3.19
4.33
5.99
6.76
4.2
6.17
6.07
5.81
7.66
7.9
3.09
4.63
2.91
3.88
5.44
4.79
7.37
4.58
4.71
7.38
6.23
3.38
3.99
4.48
4.67
4.8
3.8
5.01
6.8
4.73
3.92
5.71
3.29
6.01
3.81
7.55
7.07
3.14
5.5
6.9
7.14
5.19
3.93
8.16
6.79
6.5
5.44
2.77
7.83
6.72
7.09
4.81
8.27
3.39
5.93
4.09
3.09
6.37
5.68
7.25
7.56
7.05
3.7
6.91
6.47
4.42
4.87
4.49
3.58
7.1
5.75
3.69
7.4
5.78
5.46
7.52
6.86
4.08
6.56
3.17
4.43
7.54
7.12
5.99
4.24
3.63
4.01
4.68
5.71
6.59
6.75
6.18
7.03
3.19
6.57
5.09
5.91
5.92
5.16
7.58
4.66
4.98
5.29
7.43
5.61
4.23
5.93
5.04
3.8
7.91
7.75
6.17
2.91
7.09
5.67
3.29
7.36
3.08
4.25
5.82
3.94
4.35
3.3
5.12
7.7
6.3
6.02
3.21
3.12
5.77
7.38
8.08
5.16
7.09
8.37
6.14
7.41
3.3
4.69
6.45
5.6
6.99
7.02
7.19
5.36
7.06
6.28
7.03
5.16
4.14
5.92
5.86
3.93
6.55
4.65
4.79
4.27
7.46
5.87
5.17
4.22
4.07
4.07
4.07
5
4.4
6.6
6.67
4.07
4.67
4.18
4.39
2.97
4.49
3.98
5.2
4.47
7.88
8.01
7.38
7.09
6.29
3.98
4.05
3.9
5.59
6.08
6.53
6.38
6.12
7.93
3.79
4.56
6.4
5.39
3.01
6.28
4.36
5.95
4.77
5.83
5.83
6.67
3.99
3.5
6.73
5.03
5.26
6.89
4.04
7.37
7.11
4.65
3.44
